3.458873589222248
10.066422227712778
14.501978707924867
18.96996111747546
22.327138294317784
24.993166160583495
26.414346528664613
27.78780477963961
29.451031039311335
30.514358696570763
31.14956471369817
31.907873628078363
33.479043275882034
34.43432969313402
35.38885513696915
35.55610733032226
36.52453446021447
36.50751348642203
37.01224969228109
38.304126954690005
41.4755560752673
45.064387326362805
46.72544410901192
47.22227633549617
48.05929496960762
48.67814156947992
48.92720206823105
50.30622450021597
50.1360236730331
51.01346274155837
50.917917740650665
50.84948222820575
51.109493607741136
51.643965931427786
52.387079825768105
53.046924219376
52.76865330231495
53.470332796145705
53.13169729770758
53.836419041951494
50.941160241151465
53.9775816990779
54.24711172641852
54.69583225739308
54.942022558359
54.8033857981364
55.02769194382888
55.49783295851488
55.28890995123447
55.396168342003456
55.955740014100684
55.749499814938275
56.64346762437087
56.49480614295373
56.4814469166291
56.60310558416904
56.25815751491449
56.73816017737755
57.616000493367515
56.94485402229505
57.84826047848433
57.9923904516758
57.85427395747258
58.23324672014285
58.404979216746796
58.56313324952737
57.98234081757374
58.344040376712115
58.831542577499
58.81431658818172
58.99759091108273
59.33666662558531
58.81858082306691
59.28236448825934
59.29738028110602
59.126653504982976
59.57559219751602
59.65265682905148
59.723594880715396
60.19632174173991
60.03813986166929
60.0895130059658
60.02735411815154
60.20117460397574
60.75720034868289
60.33511107029059
60.017418699998125
60.48901893420097
60.41837286337828
60.53147426507412
61.53330279619266
60.87521725189991
60.84641162187625
60.86156850961538
61.25847618885529
60.91753056844075
61.40228752723107
61.44612806271284
61.37817518772223
61.45355071043357
62.1043943356245
61.44512177491799
61.99673579289363
61.91480268820738
62.147146361913435
61.862477864974586
62.233002012203904
62.216160016182144
61.82738984914926
62.344826576037285
62.38863649612818
62.333958356808395
62.837201309204104
62.345909236027644
62.23182345659305
62.29264899033767
63.35216457660382
62.42105975028796
61.83835056989621
63.02388472923866
63.504171400803784
62.640963989649066
62.726326389801805
63.67165389427772
63.362127039982724
63.64147966825045
62.91138425973745
63.491856932028746
63.714813975798776
63.59019747024927
63.39399031614646
64.1119794698862
62.96250126178448
64.03332082308256
63.64876633668557
63.81518003023588
63.62335893679888
63.9273804297814
64.17856254577637
63.951421473576474
63.92167321229592
64.25044095944136
63.70951903905624
63.92621225210337
63.55208950531788
64.4658892411452
64.80286528758513
64.67725125826323
64.82144665840345
64.056662495931
63.98978696969839
64.7013448079427
64.85321843073918
64.82288908347105
64.47634754669971
64.78311899625338
64.80607156998072
64.95145629491562
65.21700560740935
65.1676391014686
64.80600812863081
64.82482230357634
64.51147218361879
65.39282139509152
65.50204555804913
65.70228654910356
65.15240859007224
65.34853008954953
65.42844363481571
65.48221889398037
65.29866875868578
65.36239968324318
65.60011432354267
65.52475071442433
65.94440702780699
65.10098985525278
66.19221030993339
65.76528150118314
65.85961141341772
65.78265099158654
66.10995311247997
65.60190844413562
65.82237812922551
65.71570350451347
65.71532780573918
65.66433001787235
65.6093025011894
66.20419305654673
66.55353066860101
66.22101471729768
66.26320436917818
66.29100455259666
66.27580681825296
66.69916900243514
65.38097949883877
66.12607946151343
66.25801143157176
66.47434813670623
67.00150696192033
67.04267611381336
