1.7664813139746267
6.7139041039251515
1.524791059955474
2.333681341140501
2.7079146369811027
4.8199885429874545
9.18980598449707
7.180313125733407
12.379418865326912
10.804327011108398
8.088100817895704
9.786774927569974
8.825620789681711
7.96135651680731
5.4478058661184
5.939944374945856
4.642392896836804
4.694047843256304
5.114337490450952
6.236400850357548
4.505783057981922
5.4651397274386495
4.457365820484776
5.266461141647831
5.198255200539866
5.5466374120404645
5.505593930521319
5.623733505125968
7.521505740381056
6.02726230313701
5.390941035362982
5.31150794798328
5.048601396622196
4.508933067321777
4.791545914065454
5.430437641759073
5.318208248384537
5.225945057407502
4.924139730391964
5.050705986638223
5.994796706784156
5.739344012352728
6.381870854285456
5.528776091914023
6.127878804360667
6.903473977119692
5.627611406387821
6.667703613158195
7.181504341863817
6.885255752071258
6.733214086101901
8.205739359701834
5.552327432940083
6.1179524852383524
6.3776815322137645
7.383430834739439
8.674861661849484
6.8319269764807915
10.868525412774854
10.14167930233863
8.731930332799111
7.422081362816595
8.806723348556027
8.753192440156013
9.963150239759877
9.981257561714418
11.844394130091514
11.108784029560704
13.13463035706551
12.52455246833063
11.903346923089796
12.280214894202448
11.960235595703125
14.839065428703062
16.066623349343576
13.258357571017358
14.531155124787361
14.20412645032329
17.236831541984312
15.56972236018027
14.768373366325132
17.643731886340724
16.16638417397776
18.3257449980705
16.985920752248457
18.127769716324345
16.908034324645996
16.656980576053744
18.523370558215724
19.217003422398722
17.45315207204511
19.997694446194558
17.182593560987904
18.194740695338094
21.081544876098633
18.080026134367913
20.305683012931578
17.382201963855373
19.86364180041898
20.878517458515784
22.596947823801347
20.221012607697517
20.523934764246786
19.55394990982548
21.98116216351909
20.4528008122598
19.53544124480217
23.677382253831432
22.204242767826205
20.72045117039834
21.915571889569684
19.553003557266727
21.051621837000692
23.27766190805743
22.55567802921418
23.54816553669591
21.512535833543346
21.174424017629317
22.383822533392138
23.277138371621408
20.523237843667307
21.68227767944336
21.776197987218058
24.438322990171372
27.585366341375536
24.58422088623047
25.685514019381614
23.765567964123143
25.150285351660944
23.956374691378684
26.13623705217915
20.036986074139996
22.284943426809004
25.699403639762632
28.07037328904675
25.882649821619832
26.484324670607045
25.012798124744045
25.99940909108808
26.236243278749527
28.288080707673103
28.341928420528287
29.238002407935358
29.301955376901933
26.743568481937533
28.401899460823305
29.931877197757846
28.278411557597497
27.362448969194965
27.687556912822107
27.66668854990313
28.755229888423795
27.520815695485762
25.03421506574077
26.43713157407699
23.474772484071792
25.14881669321368
21.016592271866337
26.812970622893303
28.54844290210355
24.466183447068737
26.204494660900487
27.841089125602476
29.477977383521296
30.069499046571792
30.708491786833733
31.379439569288685
33.1481687484249
33.622095538723855
32.19332098191784
30.24535523691485
31.490930926415228
30.191972609489195
34.918526680238784
32.7495552186043
32.92394330424647
33.61220464398784
33.73380931731193
31.453598453152566
33.55304871836016
16.194170367333196
26.114438764510616
30.32477895675167
29.155657614431075
32.52010111654958
32.45120011606524
33.901619326683786
33.37681881073983
35.92449582007624
35.315513856949345
35.51610331381521
34.10890308503182
34.89591893842143
37.57280029789094
35.607288852814705
32.04489658724877
38.40872992238691
34.12227753669985
36.84804104220483
36.35114903603831
35.070322959653794
36.76517289684665
36.53741319717899
39.38686026296308
39.46451088689989
38.96402912755166
37.047816614950854
39.96674556116904
38.63969975133096
40.513479663479714
37.95561796619046
38.91301198159495
38.663805807790446
40.274164507465976
37.66213533955236
38.81629402406754
39.98211743754725
40.51957087362966
37.05121907880229
40.01350488970357
39.47565890896705
41.80095057333669
40.149767721852946
40.92026064472814
40.32065446915165
43.060813903808594
42.60594829436271
40.94936223183909
41.230746853736136
39.22182132351783
37.20433844289472
41.91961559172599
43.81898350869456
43.202144622802734
43.38642551052955
42.327803334882184
42.800924854893836
41.024287931380734
44.8893185277139
41.493582448651715
42.22626901442005
42.790886540566724
48.04077874460528
41.953714555309666
42.15201937767767
42.01385005827873
43.55611075124433
43.2464346116589
43.018384625834805
42.884074303411666
46.32133311610068
44.250900145499934
42.85038425076392
43.14305742325321
44.09894106465001
41.98449571671024
45.04185461228894
44.411795831495716
47.32433552895823
46.70086116175498
44.60283427084646
46.168359941051854
45.79101451750724
45.09168858681956
47.6709839605516
44.644151749149444
44.25112828900737
45.32178657285629
48.78629499866116
46.53895125850554
46.136049086047755
44.78558238860099
46.45843641219601
49.99440753075384
46.002274544008316
44.73096884450605
43.55167918051443
44.261922036447835
45.96046349310106
46.368177721577304
47.54760237663023
44.767256459882184
44.82208719561177
43.54486908451204
46.80676491029801
46.9648062183011
47.14294175178774
47.55238760671308
48.06530540220199
46.177608736099735
48.06736410817793
46.96570907100554
46.21202530399446
45.997397022862586
47.77592726676695
48.26361822312878
46.6867181101153
47.38130717123708
48.13137571273312
47.70758265833701
